[52, -9, 90]
Walls
[[-24, -14], [-20, 27]]
[[-20, 27], [-1, 34]]
[[-1, 34], [11, 28]]
[[11, 28], [23, 1]]
[[23, 1], [42, 17]]
[[42, 17], [60, -13]]
[[60, -13], [-10, -22]]
[[-10, -22], [-24, -14]]
[[40, 4], [46, -8]]
[[46, -8], [30, -8]]
[[30, -8], [40, 4]]
[[30, -8], [14, -8]]
[[14, -8], [-8, -9]]
[[14, -8], [-3, 22]]
[[-3, 22], [-8, -9]]
Goals
[[52, 10], [40, -3]]
[[30, 10], [40, -3]]
[[22, 21], [22, -8]]
[[0, 5], [19, 14]]
[[-2, 18], [18, 38]]
[[-2, 18], [-2, 37]]
[[-2, 18], [-24, 30]]
[[-24, 10], [-3, 10]]
[[-26, -3], [-4, -3]]
[[-17, -24], [-4, -3]]
[[1, -4], [1, -25]]
[[22, -8], [22, -21]]
[[40, -21], [40, -3]]
[[58, -7], [40, -3]]